cam0:
  cam_overlaps: []
  camera_model: pinhole
  distortion_coeffs: [-0.055082507307583115, 0.10091232243218784, 0.007928863125708672, 0.0023088014948245447]
  distortion_model: radtan
  intrinsics: [453.7610181591171, 455.2165686918906, 330.26175732965305, 192.24639086861634]
  resolution: [640, 480]
  rostopic: /camera/color/image_raw
